execute if entity @s[tag=aj.svm_aj.bone.head] run data modify entity @s {} merge value {transformation:[-0.9715840257256877f,0.11149592584198662f,0.20878970155470922f,0.03125f,0.12106590853525089f,0.9920759794699757f,0.03359012874674091f,0.984375f,-0.20339008516936263f,0.057912947423927434f,-0.9773835295192327f,3.827021247335479e-18f,0f,0f,0f,1f],start_interpolation:0}
execute if entity @s[tag=aj.svm_aj.bone.body] run data modify entity @s {} merge value {transformation:[-0.5129931431094531f,-0.03964813993982378f,0.8574765653485793f,0f,-0.011961509375137439f,0.9991659153299896f,0.03904351336973372f,0.375f,-0.8583093599723545f,0.009772340666197973f,-0.513039514990562f,0f,0f,0f,0f,1f],start_interpolation:0}
execute if entity @s[tag=aj.svm_aj.bone.rightarm] run data modify entity @s {} merge value {transformation:[-0.9723952033477788f,-0.029924787239522913f,0.2314132140023579f,-0.3125f,-0.22340186769602227f,-0.1669566749175213f,-0.9603213390373113f,0.5625f,0.06737339249407569f,-0.9855100079700636f,0.15566261649697657f,0.12499999999999996f,0f,0f,0f,1f],start_interpolation:0}
execute if entity @s[tag=aj.svm_aj.bone.leftarm] run data modify entity @s {} merge value {transformation:[-0.9661788794320327f,0.2514765214921313f,-0.05707829778189925f,-0.0038525232844730355f,0.0750449091384897f,0.06243579551110501f,-0.9952236095728894f,0.6775098394669232f,-0.24671164251380062f,-0.9658474675522594f,-0.07919617964920746f,0.764530343255917f,0f,0f,0f,1f],start_interpolation:0}
execute if entity @s[tag=aj.svm_aj.bone.rightleg] run data modify entity @s {} merge value {transformation:[-0.5204621111154136f,0.06857165698285651f,0.8511269698182007f,-0.10833333333333335f,0.13068882019027664f,0.9914234365714881f,0.00004115888617262087f,-0.375f,-0.8438244030428135f,0.1112542011584544f,-0.524959883756877f,-0.15104166666666666f,0f,0f,0f,1f],start_interpolation:0}