execute if entity @s[tag=aj.svm_aj.bone.head] run data modify entity @s {} merge value {transformation:[-0.9897142267279332f,0.06992524927317016f,0.12480468311090821f,0.018750000000000003f,0.07375165131795049f,0.9969297606746537f,0.02630106859146862f,0.990625f,-0.12258239408742454f,0.0352350932347667f,-0.991832669790894f,2.2962127484012876e-18f,0f,0f,0f,1f],start_interpolation:0}
execute if entity @s[tag=aj.svm_aj.bone.body] run data modify entity @s {} merge value {transformation:[-0.8142752700720806f,-0.02061763305387048f,0.5801126595380385f,0f,-0.011390598860860435f,0.9997441254926258f,0.019543229021217974f,0.375f,-0.5803671586217048f,0.009305737490428094f,-0.814301764976061f,0f,0f,0f,0f,1f],start_interpolation:0}
execute if entity @s[tag=aj.svm_aj.bone.rightarm] run data modify entity @s {} merge value {transformation:[-0.9896340139819372f,-0.0633898558599274f,0.1288652185194153f,-0.3375f,-0.14316973588169324f,0.5058714806130077f,-0.8506447389068891f,0.48750000000000004f,-0.011266991504622122f,-0.860276566736803f,-0.5097031328390809f,0.037499999999999964f,0f,0f,0f,1f],start_interpolation:0}
execute if entity @s[tag=aj.svm_aj.bone.leftarm] run data modify entity @s {} merge value {transformation:[-0.9877657388436654f,0.14512706364396816f,0.0570699620177514f,0.14614747671552697f,0.045973877333548095f,0.6206982223556462f,-0.7827005298116647f,0.5525098394669232f,-0.1490142535784676f,-0.7705010396895129f,-0.6197764920258204f,0.464530343255917f,0f,0f,0f,1f],start_interpolation:0}
execute if entity @s[tag=aj.svm_aj.bone.rightleg] run data modify entity @s {} merge value {transformation:[-0.8044516761815039f,0.07618284542203735f,0.5891126163580022f,-0.1f,0.12526710460898072f,0.9911961173382889f,0.042876677534337417f,-0.375f,-0.5806596707122437f,0.10828864685137977f,-0.8069125824842774f,-0.10312500000000004f,0f,0f,0f,1f],start_interpolation:0}
execute if entity @s[tag=aj.svm_aj.bone.leftleg] run data modify entity @s {} merge value {transformation:[-0.9823991004295839f,-0.07874320144118084f,-0.16938570099609357f,0.1375f,-0.08297462426369988f,0.9963883988252172f,0.018038026910324738f,-0.375f,0.16735357541278356f,0.03177525630602193f,-0.9853847542372697f,0.07500000000000002f,0f,0f,0f,1f],start_interpolation:0}