execute if entity @s[tag=aj.svm_aj.bone.head] run data modify entity @s {} merge value {transformation:[-0.9912941708952916f,-0.022372292050410178f,0.12975109748062863f,0.031250000000000014f,-0.021076466481741843f,0.9997134190852488f,0.011351751473921102f,1f,-0.1299678779916809f,0.008518230408530334f,-0.9914816137685292f,-0.09375f,0f,0f,0f,1f],start_interpolation:0}
execute if entity @s[tag=aj.svm_aj.bone.body] run data modify entity @s {} merge value {transformation:[-0.9709378077119354f,0.0720202903577508f,0.22823858423221535f,5.740531871003218e-18f,0.08205485446256615f,0.9960210191811244f,0.034772549640790504f,0.375f,-0.224826098161819f,0.05249006692870015f,-0.9729840792423855f,-0.046875f,0f,0f,0f,1f],start_interpolation:0}
execute if entity @s[tag=aj.svm_aj.bone.rightarm] run data modify entity @s {} merge value {transformation:[-0.960123884737432f,0.25008241177334817f,-0.12498365204428902f,-0.28125f,0.08689606175330013f,-0.1579664584313154f,-0.9836135788318674f,0.625f,-0.26572768092253585f,-0.9552514775347345f,0.12993619303041745f,0.01562499999999991f,0f,0f,0f,1f],start_interpolation:0}
execute if entity @s[tag=aj.svm_aj.bone.leftarm] run data modify entity @s {} merge value {transformation:[-0.8184300296860488f,0.5662207887188203f,0.09780748913416686f,0.18364747671552703f,-0.2912224186911974f,-0.26200873392758206f,-0.920076587136807f,0.5993848394669232f,-0.4953400744536445f,-0.7815020420755805f,0.3793320034902874f,0.26453034325591696f,0f,0f,0f,1f],start_interpolation:0}
execute if entity @s[tag=aj.svm_aj.bone.rightleg] run data modify entity @s {} merge value {transformation:[-0.9763410109722387f,0.21512395402050913f,-0.021906955523045862f,-0.22812500000000002f,0.2161547519928393f,0.9681646203894825f,-0.12623149772146222f,-0.328125f,-0.005945879633912866f,-0.1279802806399144f,-0.9917588891876431f,0.020833333333333287f,0f,0f,0f,1f],start_interpolation:0}
execute if entity @s[tag=aj.svm_aj.bone.leftleg] run data modify entity @s {} merge value {transformation:[-0.9763371327555698f,-0.2155900394130543f,0.016933343099066297f,0.16562500000000002f,-0.21464165601789528f,0.9756263162277984f,0.04563168401090871f,-0.359375f,-0.02635835170355931f,0.04091730672531599f,-0.9988148033073088f,-0.0833333333333333f,0f,0f,0f,1f],start_interpolation:0}