execute if entity @s[tag=aj.svm_aj.bone.head] run data modify entity @s {} merge value {transformation:[-0.9659258262890683f,0.25881904510252074f,1.2246467991473532e-16f,0.125f,0.25881904510252074f,0.9659258262890683f,0f,0.9375f,-1.1829179713786698e-16f,3.169619151431765e-17f,-1f,1.5308084989341915e-17f,0f,0f,0f,1f],start_interpolation:0}
execute if entity @s[tag=aj.svm_aj.bone.body] run data modify entity @s {} merge value {transformation:[-0.984807753012208f,0.17364817766693033f,1.2246467991473532e-16f,0.015625f,0.17364817766693033f,0.984807753012208f,0f,0.359375f,-1.2060416625018976e-16f,2.1265768495757713e-17f,-1f,1.9135106236677394e-18f,0f,0f,0f,1f],start_interpolation:0}
execute if entity @s[tag=aj.svm_aj.bone.rightarm] run data modify entity @s {} merge value {transformation:[0.300705799504273f,0.953716950748227f,1.2246467991473532e-16f,-0.5625f,0.953716950748227f,-0.300705799504273f,0f,0.6875f,3.682583948479537e-17f,1.1679664110263902e-16f,-1f,-6.888638245203862e-17f,0f,0f,0f,1f],start_interpolation:0}
execute if entity @s[tag=aj.svm_aj.bone.leftarm] run data modify entity @s {} merge value {transformation:[-0.984807753012208f,-0.17364817766693033f,1.2246467991473532e-16f,0.40239747671552706f,-0.17364817766693033f,0.984807753012208f,0f,0.30250983946692317f,-1.2060416625018976e-16f,-2.1265768495757713e-17f,-1f,0.014530343255917004f,0f,0f,0f,1f],start_interpolation:0}